{
    "camera_angle_x": 1.0411632608874242,
    "fl_x": 697.6731300354004,
    "fl_y": 697.6731300354004,
    "cx": 400.0,
    "cy": 400.0,
    "w": 800,
    "h": 800,
    "frames": [
        {
            "file_path": "images/0001.png",
            "transform_matrix": [
                [
                    0.9999995231628418,
                    -0.000823633570689708,
                    -0.0004940994549542665,
                    0.009605135768651962
                ],
                [
                    0.0009604720398783684,
                    0.8575295805931091,
                    0.514433741569519,
                    -10.00042724609375
                ],
                [
                    0.0,
                    -0.5144339799880981,
                    0.8575299382209778,
                    5.999279975891113
                ],
                [
                    0.0,
                    0.0,
                    0.0,
                    1.0
                ]
            ]
        },
        {
            "file_path": "images/0002.png",
            "transform_matrix": [
                [
                    0.9999926090240479,
                    -0.0032971606124192476,
                    -0.0019770145881921053,
                    0.038451168686151505
                ],
                [
                    0.0038444576784968376,
                    0.857633650302887,
                    0.5142468214035034,
                    -10.001641273498535
                ],
                [
                    -1.1641532182693481e-10,
                    -0.5142505168914795,
                    0.8576399683952332,
                    5.997140407562256
                ],
                [
                    0.0,
                    0.0,
                    0.0,
                    1.0
                ]
            ]
        },
        {
            "file_path": "images/0003.png",
            "transform_matrix": [
                [
                    0.9999625086784363,
                    -0.007425813470035791,
                    -0.004449028521776199,
                    0.08659911900758743
                ],
                [
                    0.00865659024566412,
                    0.8577898144721985,
                    0.513927698135376,
                    -10.003461837768555
                ],
                [
                    0.0,
                    -0.5139470100402832,
                    0.8578218221664429,
                    5.993600368499756
                ],
                [
                    0.0,
                    0.0,
                    0.0,
                    1.0
                ]
            ]
        },
        {
            "file_path": "images/0004.png",
            "transform_matrix": [
                [
                    0.9998813271522522,
                    -0.013216289691627026,
                    -0.00790941622108221,
                    0.1541270911693573
                ],
                [
                    0.01540224440395832,
                    0.8579737544059753,
                    0.5134626626968384,
                    -10.005606651306152
                ],
                [
                    0.0,
                    -0.5135236382484436,
                    0.8580754399299622,
                    5.9886627197265625
                ],
                [
                    0.0,
                    0.0,
                    0.0,
                    1.0
                ]
            ]
        },
        {
            "file_path": "images/0005.png",
            "transform_matrix": [
                [
                    0.9997099041938782,
                    -0.020676370710134506,
                    -0.012356188148260117,
                    0.24112588167190552
                ],
                [
                    0.02408708818256855,
                    0.8581516146659851,
                    0.512830913066864,
                    -10.007682800292969
                ],
                [
                    0.0,
                    -0.5129797458648682,
                    0.8584006428718567,
                    5.982320785522461
                ],
                [
                    0.0,
                    0.0,
                    0.0,
                    1.0
                ]
            ]
        },
        {
            "file_path": "images/0006.png",
            "transform_matrix": [
                [
                    0.9993972778320312,
                    -0.02981448732316494,
                    -0.01778578571975231,
                    0.34769365191459656
                ],
                [
                    0.034716539084911346,
                    0.8582802414894104,
                    0.5120056867599487,
                    -10.009181022644043
                ],
                [
                    9.313225746154785e-10,
                    -0.5123146176338196,
                    0.8587978482246399,
                    5.974563121795654
                ],
                [
                    0.0,
                    0.0,
                    0.0,
                    1.0
                ]
            ]
        },
        {
            "file_path": "images/0007.png",
            "transform_matrix": [
                [
                    0.9988810420036316,
                    -0.04063907265663147,
                    -0.024192681536078453,
                    0.4739289879798889
                ],
                [
                    0.04729503393173218,
                    0.8583056926727295,
                    0.5109544992446899,
                    -10.009478569030762
                ],
                [
                    -1.862645149230957e-09,
                    -0.5115268230438232,
                    0.8592672944068909,
                    5.965376853942871
                ],
                [
                    0.0,
                    0.0,
                    0.0,
                    1.0
                ]
            ]
        },
        {
            "file_path": "images/0008.png",
            "transform_matrix": [
                [
                    0.9980869889259338,
                    -0.053158003836870193,
                    -0.0315689817070961,
                    0.61992347240448
                ],
                [
                    0.06182534992694855,
                    0.858164370059967,
                    0.5096387267112732,
                    -10.007829666137695
                ],
                [
                    -1.862645149230957e-09,
                    -0.5106155872344971,
                    0.8598091006278992,
                    5.954749584197998
                ],
                [
                    0.0,
                    0.0,
                    0.0,
                    1.0
                ]
            ]
        },
        {
            "file_path": "images/0009.png",
            "transform_matrix": [
                [
                    0.9969292879104614,
                    -0.06737764924764633,
                    -0.03990400582551956,
                    0.7857517004013062
                ],
                [
                    0.07830758392810822,
                    0.857780933380127,
                    0.5080155730247498,
                    -10.003358840942383
                ],
                [
                    0.0,
                    -0.5095802545547485,
                    0.8604230880737305,
                    5.942676067352295
                ],
                [
                    0.0,
                    0.0,
                    0.0,
                    1.0
                ]
            ]
        },
        {
            "file_path": "images/0010.png",
            "transform_matrix": [
                [
                    0.9953098893165588,
                    -0.0833021029829979,
                    -0.04918375238776207,
                    0.9714612364768982
                ],
                [
                    0.09673821926116943,
                    0.8570697903633118,
                    0.5060365200042725,
                    -9.99506664276123
                ],
                [
                    0.0,
                    -0.5084210634231567,
                    0.8611084818840027,
                    5.9291582107543945
                ],
                [
                    0.0,
                    0.0,
                    0.0,
                    1.0
                ]
            ]
        },
        {
            "file_path": "images/0011.png",
            "transform_matrix": [
                [
                    0.9931190609931946,
                    -0.10093189030885696,
                    -0.05939045920968056,
                    1.1770579814910889
                ],
                [
                    0.1171087995171547,
                    0.8559337854385376,
                    0.5036495327949524,
                    -9.981817245483398
                ],
                [
                    -3.7252896323280993e-09,
                    -0.5071390867233276,
                    0.8618642091751099,
                    5.914207458496094
                ],
                [
                    0.0,
                    0.0,
                    0.0,
                    1.0
                ]
            ]
        },
        {
            "file_path": "images/0012.png",
            "transform_matrix": [
                [
                    0.990235447883606,
                    -0.1202629879117012,
                    -0.0705021545290947,
                    1.4024953842163086
                ],
                [
                    0.13940493762493134,
                    0.8542643785476685,
                    0.5007981061935425,
                    -9.962348937988281
                ],
                [
                    3.7252898543727042e-09,
                    -0.5057363510131836,
                    0.8626881241798401,
                    5.897849082946777
                ],
                [
                    0.0,
                    0.0,
                    0.0,
                    1.0
                ]
            ]
        },
        {
            "file_path": "images/0013.png",
            "transform_matrix": [
                [
                    0.9865260124206543,
                    -0.14128519594669342,
                    -0.08249206840991974,
                    1.6476542949676514
                ],
                [
                    0.16360454261302948,
                    0.8519416451454163,
                    0.497422456741333,
                    -9.935260772705078
                ],
                [
                    0.0,
                    -0.5042162537574768,
                    0.8635773658752441,
                    5.880120754241943
                ],
                [
                    0.0,
                    0.0,
                    0.0,
                    1.0
                ]
            ]
        },
        {
            "file_path": "images/0014.png",
            "transform_matrix": [
                [
                    0.9818466305732727,
                    -0.1639808863401413,
                    -0.09532822668552399,
                    1.9123291969299316
                ],
                [
                    0.18967656791210175,
                    0.8488348722457886,
                    0.4934594929218292,
                    -9.899029731750488
                ],
                [
                    0.0,
                    -0.5025831460952759,
                    0.8645288944244385,
                    5.8610758781433105
                ],
                [
                    0.0,
                    0.0,
                    0.0,
                    1.0
                ]
            ]
        },
        {
            "file_path": "images/0015.png",
            "transform_matrix": [
                [
                    0.9760425090789795,
                    -0.18832328915596008,
                    -0.10897311568260193,
                    2.1962080001831055
                ],
                [
                    0.21757936477661133,
                    0.84480220079422,
                    0.4888440668582916,
                    -9.852001190185547
                ],
                [
                    7.450578820566989e-09,
                    -0.5008429288864136,
                    0.8655382394790649,
                    5.8407816886901855
                ],
                [
                    0.0,
                    0.0,
                    0.0,
                    1.0
                ]
            ]
        },
        {
            "file_path": "images/0016.png",
            "transform_matrix": [
                [
                    0.9689493775367737,
                    -0.21427491307258606,
                    -0.1233830526471138,
                    2.4988534450531006
                ],
                [
                    0.2472592145204544,
                    0.8396918177604675,
                    0.48350852727890015,
                    -9.792405128479004
                ],
                [
                    -7.450580152834618e-09,
                    -0.4990028738975525,
                    0.8666003346443176,
                    5.819323539733887
                ],
                [
                    0.0,
                    0.0,
                    0.0,
                    1.0
                ]
            ]
        },
        {
            "file_path": "images/0017.png",
            "transform_matrix": [
                [
                    0.9603933095932007,
                    -0.24178546667099,
                    -0.13850797712802887,
                    2.819678783416748
                ],
                [
                    0.27864792943000793,
                    0.833342432975769,
                    0.4773842394351959,
                    -9.718358993530273
                ],
                [
                    0.0,
                    -0.49707159399986267,
                    0.8677095770835876,
                    5.7968010902404785
                ],
                [
                    0.0,
                    0.0,
                    0.0,
                    1.0
                ]
            ]
        },
        {
            "file_path": "images/0018.png",
            "transform_matrix": [
                [
                    0.9501929879188538,
                    -0.2707903981208801,
                    -0.15429095923900604,
                    3.1579315662384033
                ],
                [
                    0.31166186928749084,
                    0.8255841732025146,
                    0.470401406288147,
                    -9.627883911132812
                ],
                [
                    0.0,
                    -0.4950588047504425,
                    0.8688594698905945,
                    5.7733283042907715
                ],
                [
                    0.0,
                    0.0,
                    0.0,
                    1.0
                ]
            ]
        },
        {
            "file_path": "images/0019.png",
            "transform_matrix": [
                [
                    0.93816077709198,
                    -0.3012089133262634,
                    -0.17066819965839386,
                    3.512669324874878
                ],
                [
                    0.34620001912117004,
                    0.8162402510643005,
                    0.4624904990196228,
                    -9.518915176391602
                ],
                [
                    -1.4901159417490817e-08,
                    -0.49297577142715454,
                    0.8700430989265442,
                    5.749035835266113
                ],
                [
                    0.0,
                    0.0,
                    0.0,
                    1.0
                ]
            ]
        },
        {
            "file_path": "images/0020.png",
            "transform_matrix": [
                [
                    0.9241036176681519,
                    -0.3329422175884247,
                    -0.18756841123104095,
                    3.882740020751953
                ],
                [
                    0.3821418583393097,
                    0.8051279783248901,
                    0.45358195900917053,
                    -9.389324188232422
                ],
                [
                    0.0,
                    -0.4908345937728882,
                    0.8712527751922607,
                    5.72406530380249
                ],
                [
                    0.0,
                    0.0,
                    0.0,
                    1.0
                ]
            ]
        },
        {
            "file_path": "images/0021.png",
            "transform_matrix": [
                [
                    0.9078263640403748,
                    -0.3658715784549713,
                    -0.20491290092468262,
                    4.266758918762207
                ],
                [
                    0.41934627294540405,
                    0.7920610904693604,
                    0.4436079263687134,
                    -9.236939430236816
                ],
                [
                    0.0,
                    -0.4886484146118164,
                    0.8724807500839233,
                    5.698570251464844
                ],
                [
                    0.0,
                    0.0,
                    0.0,
                    1.0
                ]
            ]
        },
        {
            "file_path": "images/0022.png",
            "transform_matrix": [
                [
                    0.8891327381134033,
                    -0.3998570144176483,
                    -0.22261497378349304,
                    4.6630940437316895
                ],
                [
                    0.45764949917793274,
                    0.776852011680603,
                    0.43250182271003723,
                    -9.05957317352295
                ],
                [
                    0.0,
                    -0.48643118143081665,
                    0.873718798160553,
                    5.672713756561279
                ],
                [
                    0.0,
                    0.0,
                    0.0,
                    1.0
                ]
            ]
        },
        {
            "file_path": "images/0023.png",
            "transform_matrix": [
                [
                    0.8678282499313354,
                    -0.43473562598228455,
                    -0.24058054387569427,
                    5.069844722747803
                ],
                [
                    0.4968641698360443,
                    0.7593138217926025,
                    0.42020049691200256,
                    -8.8550443649292
                ],
                [
                    1.4901160305669237e-08,
                    -0.4841977655887604,
                    0.8749585747718811,
                    5.64666748046875
                ],
                [
                    0.0,
                    0.0,
                    0.0,
                    1.0
                ]
            ]
        },
        {
            "file_path": "images/0024.png",
            "transform_matrix": [
                [
                    0.8437232375144958,
                    -0.4703207314014435,
                    -0.25870728492736816,
                    5.484834671020508
                ],
                [
                    0.5367783308029175,
                    0.7392632961273193,
                    0.4066433608531952,
                    -8.621216773986816
                ],
                [
                    0.0,
                    -0.48196300864219666,
                    0.8761915564537048,
                    5.620605945587158
                ],
                [
                    0.0,
                    0.0,
                    0.0,
                    1.0
                ]
            ]
        },
        {
            "file_path": "images/0025.png",
            "transform_matrix": [
                [
                    0.81663578748703,
                    -0.5063996911048889,
                    -0.2768848240375519,
                    5.905584812164307
                ],
                [
                    0.577153205871582,
                    0.7165240049362183,
                    0.3917747139930725,
                    -8.356034278869629
                ],
                [
                    2.9802317058624794e-08,
                    -0.47974225878715515,
                    0.8774095177650452,
                    5.59470796585083
                ],
                [
                    0.0,
                    0.0,
                    0.0,
                    1.0
                ]
            ]
        },
        {
            "file_path": "images/0026.png",
            "transform_matrix": [
                [
                    0.7863945960998535,
                    -0.5427352786064148,
                    -0.2949947416782379,
                    6.329326629638672
                ],
                [
                    0.6177244186401367,
                    0.690929651260376,
                    0.3755433261394501,
                    -8.057555198669434
                ],
                [
                    0.0,
                    -0.4775507152080536,
                    0.8786041736602783,
                    5.569150447845459
                ],
                [
                    0.0,
                    0.0,
                    0.0,
                    1.0
                ]
            ]
        },
        {
            "file_path": "images/0027.png",
            "transform_matrix": [
                [
                    0.7528430223464966,
                    -0.5790634155273438,
                    -0.31291043758392334,
                    6.752981662750244
                ],
                [
                    0.6582000851631165,
                    0.6623272895812988,
                    0.35790401697158813,
                    -7.723996639251709
                ],
                [
                    0.0,
                    -0.4754032492637634,
                    0.8797680735588074,
                    5.544106483459473
                ],
                [
                    0.0,
                    0.0,
                    0.0,
                    1.0
                ]
            ]
        },
        {
            "file_path": "images/0028.png",
            "transform_matrix": [
                [
                    0.7158424258232117,
                    -0.6150944828987122,
                    -0.3304970860481262,
                    7.173172950744629
                ],
                [
                    0.6982617974281311,
                    0.6305811405181885,
                    0.3388182520866394,
                    -7.353776931762695
                ],
                [
                    0.0,
                    -0.47331398725509644,
                    0.8808937668800354,
                    5.519742012023926
                ],
                [
                    0.0,
                    0.0,
                    0.0,
                    1.0
                ]
            ]
        },
        {
            "file_path": "images/0029.png",
            "transform_matrix": [
                [
                    0.6752767562866211,
                    -0.6505134105682373,
                    -0.34761133790016174,
                    7.586224555969238
                ],
                [
                    0.7375645041465759,
                    0.5955771803855896,
                    0.31825536489486694,
                    -6.945563316345215
                ],
                [
                    0.0,
                    -0.4712962806224823,
                    0.8819749355316162,
                    5.496211528778076
                ],
                [
                    0.0,
                    0.0,
                    0.0,
                    1.0
                ]
            ]
        },
        {
            "file_path": "images/0030.png",
            "transform_matrix": [
                [
                    0.6310554146766663,
                    -0.6849809288978577,
                    -0.36410194635391235,
                    7.988181114196777
                ],
                [
                    0.7757377624511719,
                    0.5572255849838257,
                    0.29619351029396057,
                    -6.4983110427856445
                ],
                [
                    1.4901161193847656e-08,
                    -0.46936213970184326,
                    0.8830057382583618,
                    5.473655700683594
                ],
                [
                    0.0,
                    0.0,
                    0.0,
                    1.0
                ]
            ]
        },
        {
            "file_path": "images/0031.png",
            "transform_matrix": [
                [
                    0.5832503437995911,
                    -0.7180624604225159,
                    -0.3797439634799957,
                    8.373974800109863
                ],
                [
                    0.8122925162315369,
                    0.5155903100967407,
                    0.2726674973964691,
                    -6.0127644538879395
                ],
                [
                    0.0,
                    -0.4674966037273407,
                    0.8839948773384094,
                    5.451900005340576
                ],
                [
                    0.0,
                    0.0,
                    0.0,
                    1.0
                ]
            ]
        },
        {
            "file_path": "images/0032.png",
            "transform_matrix": [
                [
                    0.5320158004760742,
                    -0.749320924282074,
                    -0.3943061828613281,
                    8.738508224487305
                ],
                [
                    0.8467344045639038,
                    0.4708094298839569,
                    0.24774841964244843,
                    -5.490533828735352
                ],
                [
                    -1.4901161193847656e-08,
                    -0.46567878127098083,
                    0.8849537372589111,
                    5.430700778961182
                ],
                [
                    0.0,
                    0.0,
                    0.0,
                    1.0
                ]
            ]
        },
        {
            "file_path": "images/0033.png",
            "transform_matrix": [
                [
                    0.47743844985961914,
                    -0.7783939838409424,
                    -0.4076215624809265,
                    9.077555656433105
                ],
                [
                    0.8786652088165283,
                    0.4229542911052704,
                    0.22148847579956055,
                    -4.932452201843262
                ],
                [
                    0.0,
                    -0.4639100730419159,
                    0.8858823180198669,
                    5.410074710845947
                ],
                [
                    0.0,
                    0.0,
                    0.0,
                    1.0
                ]
            ]
        },
        {
            "file_path": "images/0034.png",
            "transform_matrix": [
                [
                    0.4196469485759735,
                    -0.8049191236495972,
                    -0.4195255637168884,
                    9.38688850402832
                ],
                [
                    0.9076873064041138,
                    0.37213462591171265,
                    0.1939573734998703,
                    -4.3397979736328125
                ],
                [
                    -1.4901158529312397e-08,
                    -0.46219170093536377,
                    0.8867800831794739,
                    5.3900346755981445
                ],
                [
                    0.0,
                    0.0,
                    0.0,
                    1.0
                ]
            ]
        },
        {
            "file_path": "images/0035.png",
            "transform_matrix": [
                [
                    0.3588126003742218,
                    -0.8285382986068726,
                    -0.4298580288887024,
                    9.662333488464355
                ],
                [
                    0.9334096908569336,
                    0.3184989094734192,
                    0.165242001414299,
                    -3.714303493499756
                ],
                [
                    -1.4901161193847656e-08,
                    -0.4605245590209961,
                    0.8876469731330872,
                    5.3705925941467285
                ],
                [
                    0.0,
                    0.0,
                    0.0,
                    1.0
                ]
            ]
        },
        {
            "file_path": "images/0036.png",
            "transform_matrix": [
                [
                    0.2951497733592987,
                    -0.84890216588974,
                    -0.43846529722213745,
                    9.89981460571289
                ],
                [
                    0.9554510116577148,
                    0.2622356116771698,
                    0.1354469507932663,
                    -3.058166265487671
                ],
                [
                    0.0,
                    -0.4589092433452606,
                    0.8884831070899963,
                    5.351755142211914
                ],
                [
                    0.0,
                    0.0,
                    0.0,
                    1.0
                ]
            ]
        },
        {
            "file_path": "images/0037.png",
            "transform_matrix": [
                [
                    0.22891606390476227,
                    -0.865674614906311,
                    -0.4452020823955536,
                    10.095414161682129
                ],
                [
                    0.9734461307525635,
                    0.20357246696949005,
                    0.1046939417719841,
                    -2.374042510986328
                ],
                [
                    0.0,
                    -0.4573463797569275,
                    0.8892886638641357,
                    5.333529472351074
                ],
                [
                    0.0,
                    0.0,
                    0.0,
                    1.0
                ]
            ]
        },
        {
            "file_path": "images/0038.png",
            "transform_matrix": [
                [
                    0.1604120433330536,
                    -0.8785372972488403,
                    -0.44993340969085693,
                    10.245418548583984
                ],
                [
                    0.9870501160621643,
                    0.14277690649032593,
                    0.07312165945768356,
                    -1.665050745010376
                ],
                [
                    -7.450580596923828e-09,
                    -0.4558364152908325,
                    0.8900635242462158,
                    5.315920829772949
                ],
                [
                    0.0,
                    0.0,
                    0.0,
                    1.0
                ]
            ]
        },
        {
            "file_path": "images/0039.png",
            "transform_matrix": [
                [
                    0.08997936546802521,
                    -0.8871945142745972,
                    -0.45253682136535645,
                    10.3463773727417
                ],
                [
                    0.9959436058998108,
                    0.08015433698892593,
                    0.04088481888175011,
                    -0.9347522258758545
                ],
                [
                    3.725290076417309e-09,
                    -0.4543798863887787,
                    0.8908080458641052,
                    5.298934459686279
                ],
                [
                    0.0,
                    0.0,
                    0.0,
                    1.0
                ]
            ]
        },
        {
            "file_path": "images/0040.png",
            "transform_matrix": [
                [
                    0.017998183146119118,
                    -0.891377866268158,
                    -0.4529035687446594,
                    10.395162582397461
                ],
                [
                    0.9998379945755005,
                    0.01604578085243702,
                    0.008152762427926064,
                    -0.1871243715286255
                ],
                [
                    0.0,
                    -0.4529769718647003,
                    0.8915222883224487,
                    5.282573699951172
                ],
                [
                    0.0,
                    0.0,
                    0.0,
                    1.0
                ]
            ]
        },
        {
            "file_path": "images/0041.png",
            "transform_matrix": [
                [
                    -0.05511394888162613,
                    -0.8908502459526062,
                    -0.4509415626525879,
                    10.389009475708008
                ],
                [
                    0.9984800815582275,
                    -0.0491730161011219,
                    -0.024891003966331482,
                    0.5734509229660034
                ],
                [
                    0.0,
                    -0.4516281187534332,
                    0.8922061920166016,
                    5.266843318939209
                ],
                [
                    0.0,
                    0.0,
                    0.0,
                    1.0
                ]
            ]
        },
        {
            "file_path": "images/0042.png",
            "transform_matrix": [
                [
                    -0.1289067566394806,
                    -0.8854109048843384,
                    -0.44657662510871887,
                    10.325575828552246
                ],
                [
                    0.9916567206382751,
                    -0.11509573459625244,
                    -0.058051083236932755,
                    1.3422353267669678
                ],
                [
                    0.0,
                    -0.45033395290374756,
                    0.8928601145744324,
                    5.251750946044922
                ],
                [
                    0.0,
                    0.0,
                    0.0,
                    1.0
                ]
            ]
        },
        {
            "file_path": "images/0043.png",
            "transform_matrix": [
                [
                    -0.20290076732635498,
                    -0.8748990297317505,
                    -0.4397532641887665,
                    10.202988624572754
                ],
                [
                    0.979199230670929,
                    -0.18128862977027893,
                    -0.09112167358398438,
                    2.114170551300049
                ],
                [
                    -7.450580152834618e-09,
                    -0.44909483194351196,
                    0.8934841156005859,
                    5.237300872802734
                ],
                [
                    0.0,
                    0.0,
                    0.0,
                    1.0
                ]
            ]
        },
        {
            "file_path": "images/0044.png",
            "transform_matrix": [
                [
                    -0.276592493057251,
                    -0.8591975569725037,
                    -0.43043723702430725,
                    10.019878387451172
                ],
                [
                    0.9609873294830322,
                    -0.24729523062705994,
                    -0.12388894706964493,
                    2.8839330673217773
                ],
                [
                    7.450580596923828e-09,
                    -0.4479115605354309,
                    0.8940778970718384,
                    5.223501205444336
                ],
                [
                    0.0,
                    0.0,
                    0.0,
                    1.0
                ]
            ]
        },
        {
            "file_path": "images/0045.png",
            "transform_matrix": [
                [
                    -0.3494584858417511,
                    -0.8382359147071838,
                    -0.4186159074306488,
                    9.775426864624023
                ],
                [
                    0.9369518756866455,
                    -0.3126400113105774,
                    -0.1561327576637268,
                    3.645977735519409
                ],
                [
                    0.0,
                    -0.4467848241329193,
                    0.8946414589881897,
                    5.210361480712891
                ],
                [
                    0.0,
                    0.0,
                    0.0,
                    1.0
                ]
            ]
        },
        {
            "file_path": "images/0046.png",
            "transform_matrix": [
                [
                    -0.4209618866443634,
                    -0.811993420124054,
                    -0.4042989909648895,
                    9.469388961791992
                ],
                [
                    0.9070782661437988,
                    -0.3768343925476074,
                    -0.1876293271780014,
                    4.394606590270996
                ],
                [
                    1.4901159417490817e-08,
                    -0.44571566581726074,
                    0.8951745629310608,
                    5.197893142700195
                ],
                [
                    0.0,
                    0.0,
                    0.0,
                    1.0
                ]
            ]
        },
        {
            "file_path": "images/0047.png",
            "transform_matrix": [
                [
                    -0.49055802822113037,
                    -0.7805006504058838,
                    -0.38751980662345886,
                    9.102123260498047
                ],
                [
                    0.8714085817337036,
                    -0.43938153982162476,
                    -0.21815362572669983,
                    5.124025344848633
                ],
                [
                    0.0,
                    -0.4447050988674164,
                    0.8956769704818726,
                    5.186108112335205
                ],
                [
                    0.0,
                    0.0,
                    0.0,
                    1.0
                ]
            ]
        },
        {
            "file_path": "images/0048.png",
            "transform_matrix": [
                [
                    -0.5577013492584229,
                    -0.7438404560089111,
                    -0.36833474040031433,
                    8.674595832824707
                ],
                [
                    0.8300416469573975,
                    -0.4997831881046295,
                    -0.2474825233221054,
                    5.828423500061035
                ],
                [
                    1.4901160305669237e-08,
                    -0.44375455379486084,
                    0.8961483240127563,
