{
    "camera_angle_x": 1.0411632608874242,
    "fl_x": 697.6731300354004,
    "fl_y": 697.6731300354004,
    "cx": 400.0,
    "cy": 400.0,
    "w": 800,
    "h": 800,
    "frames": [
        {
            "file_path": "images/0001.png",
            "transform_matrix": [
                [
                    0.9999991655349731,
                    -0.0013017657911404967,
                    9.362164377080262e-08,
                    0.013017659075558186
                ],
                [
                    0.0013017659075558186,
                    0.9999991059303284,
                    -7.191889744717628e-05,
                    -9.999991416931152
                ],
                [
                    7.105427357601002e-15,
                    7.191895565483719e-05,
                    0.9999999403953552,
                    1.4992808103561401
                ],
                [
                    0.0,
                    0.0,
                    0.0,
                    1.0
                ]
            ]
        },
        {
            "file_path": "images/0002.png",
            "transform_matrix": [
                [
                    0.9999866485595703,
                    -0.0051784212701022625,
                    1.4728543646924663e-06,
                    0.0517842173576355
                ],
                [
                    0.005178422201424837,
                    0.9999865293502808,
                    -0.0002844176487997174,
                    -9.999865531921387
                ],
                [
                    0.0,
                    0.0002844214322976768,
                    1.0,
                    1.497155785560608
                ],
                [
                    0.0,
                    0.0,
                    0.0,
                    1.0
                ]
            ]
        },
        {
            "file_path": "images/0003.png",
            "transform_matrix": [
                [
                    0.9999328851699829,
                    -0.011587458662688732,
                    7.331148026423762e-06,
                    0.11587458848953247
                ],
                [
                    0.011587460525333881,
                    0.9999327063560486,
                    -0.000632637005764991,
                    -9.999326705932617
                ],
                [
                    9.094946475628196e-13,
                    0.0006326794973574579,
                    0.9999997615814209,
                    1.4936732053756714
                ],
                [
                    0.0,
                    0.0,
                    0.0,
                    1.0
                ]
            ]
        },
        {
            "file_path": "images/0004.png",
            "transform_matrix": [
                [
                    0.9997900724411011,
                    -0.02048652246594429,
                    2.277679777762387e-05,
                    0.2048652172088623
                ],
                [
                    0.020486533641815186,
                    0.9997895359992981,
                    -0.0011115602683275938,
                    -9.997895240783691
                ],
                [
                    0.0,
                    0.001111793564632535,
                    0.9999994039535522,
                    1.488882064819336
                ],
                [
                    0.0,
                    0.0,
                    0.0,
                    1.0
                ]
            ]
        },
        {
            "file_path": "images/0005.png",
            "transform_matrix": [
                [
                    0.9994932413101196,
                    -0.031832680106163025,
                    5.4653603001497686e-05,
                    0.31832683086395264
                ],
                [
                    0.031832724809646606,
                    0.9994917511940002,
                    -0.0017160297138616443,
                    -9.994917869567871
                ],
                [
                    -3.6379785902512785e-12,
                    0.0017168998019769788,
                    0.9999985694885254,
                    1.4828310012817383
                ],
                [
                    0.0,
                    0.0,
                    0.0,
                    1.0
                ]
            ]
        },
        {
            "file_path": "images/0006.png",
            "transform_matrix": [
                [
                    0.9989606142044067,
                    -0.04558153077960014,
                    0.00011135834938613698,
                    0.45581531524658203
                ],
                [
                    0.045581668615341187,
                    0.998957633972168,
                    -0.0024405119474977255,
                    -9.98957633972168
                ],
                [
                    0.0,
                    0.0024430514313280582,
                    0.9999969601631165,
                    1.475569486618042
                ],
                [
                    0.0,
                    0.0,
                    0.0,
                    1.0
                ]
            ]
        },
        {
            "file_path": "images/0007.png",
            "transform_matrix": [
                [
                    0.9980955719947815,
                    -0.06168608367443085,
                    0.00020265625789761543,
                    0.6168608665466309
                ],
                [
                    0.06168641895055771,
                    0.9980901479721069,
                    -0.0032790089026093483,
                    -9.980901718139648
                ],
                [
                    1.4551913493643376e-11,
                    0.003285264829173684,
                    0.999994695186615,
                    1.4671473503112793
                ],
                [
                    0.0,
                    0.0,
                    0.0,
                    1.0
                ]
            ]
        },
        {
            "file_path": "images/0008.png",
            "transform_matrix": [
                [
                    0.9967871904373169,
                    -0.08009566366672516,
                    0.0003394893719814718,
                    0.8009566068649292
                ],
                [
                    0.08009639382362366,
                    0.9967781901359558,
                    -0.00422489270567894,
                    -9.967782020568848
                ],
                [
                    0.0,
                    0.00423851003870368,
                    0.9999911189079285,
                    1.4576148986816406
                ],
                [
                    0.0,
                    0.0,
                    0.0,
                    1.0
                ]
            ]
        },
        {
            "file_path": "images/0009.png",
            "transform_matrix": [
                [
                    0.994911253452301,
                    -0.10075448453426361,
                    0.0005337694892659783,
                    1.0075448751449585
                ],
                [
                    0.10075592994689941,
                    0.9948971271514893,
                    -0.005270690657198429,
                    -9.94897174835205
                ],
                [
                    0.0,
                    0.005297648720443249,
                    0.9999859929084778,
                    1.4470235109329224
                ],
                [
                    0.0,
                    0.0,
                    0.0,
                    1.0
                ]
            ]
        },
        {
            "file_path": "images/0010.png",
            "transform_matrix": [
                [
                    0.9923317432403564,
                    -0.12360044568777084,
                    0.0007981688831932843,
                    1.2360045909881592
                ],
                [
                    0.12360303103923798,
                    0.9923110008239746,
                    -0.006408000830560923,
                    -9.923110961914062
                ],
                [
                    0.0,
                    0.00645751878619194,
                    0.9999790787696838,
                    1.4354248046875
                ],
                [
                    0.0,
                    0.0,
                    0.0,
                    1.0
                ]
            ]
        },
        {
            "file_path": "images/0011.png",
            "transform_matrix": [
                [
                    0.9889021515846252,
                    -0.14856350421905518,
                    0.0011458881199359894,
                    1.4856351613998413
                ],
                [
                    0.14856792986392975,
                    0.9888726472854614,
                    -0.0076272934675216675,
                    -9.888727188110352
                ],
                [
                    0.0,
                    0.007712888531386852,
                    0.9999702572822571,
                    1.4228711128234863
                ],
                [
                    0.0,
                    0.0,
                    0.0,
                    1.0
                ]
            ]
        },
        {
            "file_path": "images/0012.png",
            "transform_matrix": [
                [
                    0.9844666123390198,
                    -0.17556451261043549,
                    0.0015904101310297847,
                    1.7556452751159668
                ],
                [
                    0.1755717247724533,
                    0.9844262599945068,
                    -0.008917756378650665,
                    -9.844263076782227
                ],
                [
                    1.1641530794914701e-10,
                    0.009058463387191296,
                    0.9999590516090393,
                    1.409415364265442
                ],
                [
                    0.0,
                    0.0,
                    0.0,
                    1.0
                ]
            ]
        },
        {
            "file_path": "images/0013.png",
            "transform_matrix": [
                [
                    0.978861391544342,
                    -0.20451343059539795,
                    0.002145242178812623,
                    2.0451343059539795
                ],
                [
                    0.2045246660709381,
                    0.9788075685501099,
                    -0.010267195291817188,
                    -9.78807544708252
                ],
                [
                    2.3283061589829401e-10,
                    0.010488915257155895,
                    0.9999450445175171,
                    1.395110845565796
                ],
                [
                    0.0,
                    0.0,
                    0.0,
                    1.0
                ]
            ]
        },
        {
            "file_path": "images/0014.png",
            "transform_matrix": [
                [
                    0.9719166159629822,
                    -0.2353082001209259,
                    0.002823643386363983,
                    2.3530819416046143
                ],
                [
                    0.23532511293888092,
                    0.9718467593193054,
                    -0.011661933735013008,
                    -9.718467712402344
                ],
                [
                    0.0,
                    0.011998903937637806,
                    0.9999280571937561,
                    1.380010962486267
                ],
                [
                    0.0,
                    0.0,
                    0.0,
                    1.0
                ]
            ]
        },
        {
            "file_path": "images/0015.png",
            "transform_matrix": [
                [
                    0.9634582996368408,
                    -0.26783332228660583,
                    0.0036383364349603653,
                    2.678333282470703
                ],
                [
                    0.26785799860954285,
                    0.9633694887161255,
                    -0.013086728751659393,
                    -9.633694648742676
                ],
                [
                    -2.3283061589829401e-10,
                    0.013583076186478138,
                    0.9999077916145325,
                    1.3641692399978638
                ],
                [
                    0.0,
                    0.0,
                    0.0,
                    1.0
                ]
            ]
        },
        {
            "file_path": "images/0016.png",
            "transform_matrix": [
                [
                    0.9533098340034485,
                    -0.30195873975753784,
                    0.0046012201346457005,
                    3.019587516784668
                ],
                [
                    0.30199378728866577,
                    0.9531991481781006,
                    -0.014524763450026512,
                    -9.531991958618164
                ],
                [
                    4.6566125955216364e-10,
                    0.015236138366162777,
                    0.9998839497566223,
                    1.3476386070251465
                ],
                [
                    0.0,
                    0.0,
                    0.0,
                    1.0
                ]
            ]
        },
        {
            "file_path": "images/0017.png",
            "transform_matrix": [
                [
                    0.9412943720817566,
                    -0.3375384211540222,
                    0.005723057314753532,
                    3.3753843307495117
                ],
                [
                    0.3375869691371918,
                    0.9411590099334717,
                    -0.015957608819007874,
                    -9.411590576171875
                ],
                [
                    -9.313225746154785e-10,
                    0.016952835023403168,
                    0.9998562932014465,
                    1.3304716348648071
                ],
                [
                    0.0,
                    0.0,
                    0.0,
                    1.0
                ]
            ]
        },
        {
            "file_path": "images/0018.png",
            "transform_matrix": [
                [
                    0.927236795425415,
                    -0.37440988421440125,
                    0.007013185881078243,
                    3.7440991401672363
                ],
                [
                    0.3744755685329437,
                    0.9270740151405334,
                    -0.017365308478474617,
                    -9.27074146270752
                ],
                [
                    4.656612873077393e-10,
                    0.018728015944361687,
                    0.999824583530426,
                    1.3127198219299316
                ],
                [
                    0.0,
                    0.0,
                    0.0,
                    1.0
                ]
            ]
        },
        {
            "file_path": "images/0019.png",
            "transform_matrix": [
                [
                    0.9109664559364319,
                    -0.412393182516098,
                    0.008479220792651176,
                    4.123932361602783
                ],
                [
                    0.4124803841114044,
                    0.9107739329338074,
                    -0.01872643083333969,
                    -9.10774040222168
                ],
                [
                    -9.313225746154785e-10,
                    0.02055666223168373,
                    0.9997887015342712,
                    1.294433355331421
                ],
                [
                    0.0,
                    0.0,
                    0.0,
                    1.0
                ]
            ]
        },
        {
            "file_path": "images/0020.png",
            "transform_matrix": [
                [
                    0.8923194408416748,
                    -0.4512908160686493,
                    0.010126767680048943,
                    4.512907981872559
                ],
                [
                    0.4514043927192688,
                    0.8920949101448059,
                    -0.020018218085169792,
                    -8.92094898223877
                ],
                [
                    0.0,
                    0.022433912381529808,
                    0.9997483491897583,
                    1.2756608724594116
                ],
                [
                    0.0,
                    0.0,
                    0.0,
                    1.0
                ]
            ]
        },
        {
            "file_path": "images/0021.png",
            "transform_matrix": [
                [
                    0.8711414337158203,
                    -0.4908866584300995,
                    0.011959118768572807,
                    4.9088664054870605
                ],
                [
                    0.49103236198425293,
                    0.8708829283714294,
                    -0.02121669426560402,
                    -8.708828926086426
                ],
                [
                    0.0,
                    0.024355053901672363,
                    0.9997033476829529,
                    1.2564494609832764
                ],
                [
                    0.0,
                    0.0,
                    0.0,
                    1.0
                ]
            ]
        },
        {
            "file_path": "images/0022.png",
            "transform_matrix": [
                [
                    0.847289502620697,
                    -0.5309472680091858,
                    0.01397704053670168,
                    5.309473037719727
                ],
                [
                    0.5311312079429626,
                    0.8469960689544678,
                    -0.022296937182545662,
                    -8.469961166381836
                ],
                [
                    0.0,
                    0.026315603405237198,
                    0.999653697013855,
                    1.2368439435958862
                ],
                [
                    0.0,
                    0.0,
                    0.0,
                    1.0
                ]
            ]
        },
        {
            "file_path": "images/0023.png",
            "transform_matrix": [
                [
                    0.820636510848999,
                    -0.5712214708328247,
                    0.016178522258996964,
                    5.712214469909668
                ],
                [
                    0.5714505314826965,
                    0.8203075528144836,
                    -0.023233307525515556,
                    -8.203075408935547
                ],
                [
                    0.0,
                    0.02831132523715496,
                    0.9995990991592407,
                    1.2168867588043213
                ],
                [
                    0.0,
                    0.0,
                    0.0,
                    1.0
                ]
            ]
        },
        {
            "file_path": "images/0024.png",
            "transform_matrix": [
                [
                    0.7910718321800232,
                    -0.6114416122436523,
                    0.018558574840426445,
                    6.114416122436523
                ],
                [
                    0.6117231249809265,
                    0.7907077670097351,
                    -0.023999691009521484,
                    -7.907077789306641
                ],
                [
                    9.313225191043273e-10,
                    0.030338192358613014,
                    0.9995396733283997,
                    1.1966180801391602
                ],
                [
                    0.0,
                    0.0,
                    0.0,
                    1.0
                ]
            ]
        },
        {
            "file_path": "images/0025.png",
            "transform_matrix": [
                [
                    0.758506178855896,
                    -0.6513237953186035,
                    0.021109018474817276,
                    6.513238430023193
                ],
                [
                    0.6516658067703247,
                    0.7581080794334412,
                    -0.024569831788539886,
                    -7.581081390380859
                ],
                [
                    -1.8626450382086546e-09,
                    0.032392390072345734,
                    0.9994753003120422,
                    1.176076054573059
                ],
                [
                    0.0,
                    0.0,
                    0.0,
                    1.0
                ]
            ]
        },
        {
            "file_path": "images/0026.png",
            "transform_matrix": [
                [
                    0.7228721976280212,
                    -0.690571129322052,
                    0.02381843514740467,
                    6.9057111740112305
                ],
                [
                    0.6909817457199097,
                    0.722442626953125,
                    -0.024917712435126305,
                    -7.22442626953125
                ],
                [
                    0.0,
                    0.03447042778134346,
                    0.9994056224822998,
                    1.155295729637146
                ],
                [
                    0.0,
                    0.0,
                    0.0,
                    1.0
                ]
            ]
        },
        {
            "file_path": "images/0027.png",
            "transform_matrix": [
                [
                    0.6841285824775696,
                    -0.7288736701011658,
                    0.02667197585105896,
                    7.288736820220947
                ],
                [
                    0.7293615341186523,
                    0.6836709380149841,
                    -0.02501785196363926,
                    -6.836709022521973
                ],
                [
                    -1.862645149230957e-09,
                    0.03656893968582153,
                    0.9993311762809753,
                    1.1343106031417847
                ],
                [
                    0.0,
                    0.0,
                    0.0,
                    1.0
                ]
            ]
        },
        {
            "file_path": "images/0028.png",
            "transform_matrix": [
                [
                    0.6422610282897949,
                    -0.7659121751785278,
                    0.029651354998350143,
                    7.659122467041016
                ],
                [
                    0.7664859294891357,
                    0.6417802572250366,
                    -0.02484573982656002,
                    -6.417802810668945
                ],
                [
                    0.0,
                    0.03868479281663895,
                    0.9992514848709106,
                    1.113152027130127
                ],
                [
                    0.0,
                    0.0,
                    0.0,
                    1.0
                ]
            ]
        },
        {
            "file_path": "images/0029.png",
            "transform_matrix": [
                [
                    0.5972859263420105,
                    -0.8013600707054138,
                    0.03273480013012886,
                    8.01360034942627
                ],
                [
                    0.8020284175872803,
                    0.596788227558136,
                    -0.024378236383199692,
                    -5.96788215637207
                ],
                [
                    0.0,
                    0.040815021842718124,
                    0.9991666674613953,
                    1.0918498039245605
                ],
                [
                    0.0,
                    0.0,
                    0.0,
                    1.0
                ]
            ]
        },
        {
            "file_path": "images/0030.png",
            "transform_matrix": [
                [
                    0.5492504835128784,
                    -0.8348864316940308,
                    0.035897109657526016,
                    8.34886360168457
                ],
                [
                    0.8356577157974243,
                    0.5487435460090637,
                    -0.023593997582793236,
                    -5.4874348640441895
                ],
                [
                    1.8626449271863521e-09,
                    0.04295671358704567,
                    0.9990769624710083,
                    1.0704329013824463
                ],
                [
                    0.0,
                    0.0,
                    0.0,
                    1.0
                ]
            ]
        },
        {
            "file_path": "images/0031.png",
            "transform_matrix": [
                [
                    0.4982234537601471,
                    -0.8661662340164185,
                    0.03910784795880318,
                    8.661663055419922
                ],
                [
                    0.8670487403869629,
                    0.49771633744239807,
                    -0.022472145035862923,
                    -4.977163791656494
                ],
                [
                    -1.862645371275562e-09,
                    0.045104559510946274,
                    0.9989821910858154,
                    1.0489543676376343
                ],
                [
                    0.0,
                    0.0,
                    0.0,
                    1.0
                ]
            ]
        },
        {
            "file_path": "images/0032.png",
            "transform_matrix": [
                [
                    0.4443005621433258,
                    -0.8948770761489868,
                    0.042332299053668976,
                    8.948770523071289
                ],
                [
                    0.8958777785301208,
                    0.4438042640686035,
                    -0.02099422924220562,
                    -4.438042640686035
                ],
                [
                    -1.862645371275562e-09,
                    0.04725232347846031,
                    0.9988828301429749,
                    1.0274767875671387
                ],
                [
                    0.0,
                    0.0,
                    0.0,
                    1.0
                ]
            ]
        },
        {
            "file_path": "images/0033.png",
            "transform_matrix": [
                [
                    0.3876200020313263,
                    -0.9206939935684204,
                    0.04553380236029625,
                    9.206939697265625
                ],
                [
                    0.9218192100524902,
                    0.38714686036109924,
                    -0.019146718084812164,
                    -3.8714685440063477
                ],
                [
                    0.0,
                    0.04939558729529381,
                    0.998779296875,
                    1.0060441493988037
                ],
                [
                    0.0,
                    0.0,
                    0.0,
                    1.0
                ]
            ]
        },
        {
            "file_path": "images/0034.png",
            "transform_matrix": [
                [
                    0.32835426926612854,
                    -0.9432997703552246,
                    0.04867276921868324,
                    9.432997703552246
                ],
                [
                    0.9445546865463257,
                    0.32791805267333984,
                    -0.016920052468776703,
                    -3.2791805267333984
                ],
                [
                    1.862645149230957e-09,
                    0.051529865711927414,
                    0.9986714124679565,
                    0.9847013354301453
                ],
                [
                    0.0,
                    0.0,
                    0.0,
                    1.0
                ]
            ]
        },
        {
            "file_path": "images/0035.png",
            "transform_matrix": [
                [
                    0.2667093276977539,
                    -0.9623889923095703,
                    0.051707226783037186,
                    9.623889923095703
                ],
                [
                    0.9637770652770996,
                    0.2663252055644989,
                    -0.014309116639196873,
                    -2.6632518768310547
                ],
                [
                    -1.862645149230957e-09,
                    0.053650613874197006,
                    0.9985597729682922,
                    0.9634938836097717
                ],
                [
                    0.0,
                    0.0,
                    0.0,
                    1.0
                ]
            ]
        },
        {
            "file_path": "images/0036.png",
            "transform_matrix": [
                [
                    0.20292480289936066,
                    -0.9776712656021118,
                    0.05459316819906235,
                    9.776712417602539
                ],
                [
                    0.9791943430900574,
                    0.20260916650295258,
                    -0.011313697323203087,
                    -2.0260915756225586
                ],
                [
                    9.313225746154785e-10,
                    0.05575315281748772,
                    0.9984445571899414,
                    0.9424684643745422
                ],
                [
                    0.0,
                    0.0,
                    0.0,
                    1.0
                ]
            ]
        },
        {
            "file_path": "images/0037.png",
            "transform_matrix": [
                [
                    0.1372724175453186,
                    -0.9888754487037659,
                    0.05728522315621376,
                    9.888754844665527
                ],
                [
                    0.9905334115028381,
                    0.13704264163970947,
                    -0.00793883390724659,
                    -1.3704265356063843
                ],
                [
                    -9.31322685637781e-10,
                    0.057832710444927216,
                    0.9983262419700623,
                    0.9216728806495667
                ],
                [
                    0.0,
                    0.0,
                    0.0,
                    1.0
                ]
            ]
        },
        {
            "file_path": "images/0038.png",
            "transform_matrix": [
                [
                    0.07005563378334045,
                    -0.99575275182724,
                    0.05973728001117706,
                    9.957528114318848
                ],
                [
                    0.9975431561470032,
                    0.06992989778518677,
                    -0.004195240326225758,
                    -0.6992990374565125
                ],
                [
                    0.0,
                    0.05988440662622452,
                    0.9982053637504578,
                    0.9011558890342712
                ],
                [
                    0.0,
                    0.0,
                    0.0,
                    1.0
                ]
            ]
        },
        {
            "file_path": "images/0039.png",
            "transform_matrix": [
                [
                    0.0016070931451395154,
                    -0.9980807900428772,
                    0.061903174966573715,
                    9.98080825805664
                ],
                [
                    0.9999986886978149,
                    0.0016040108166635036,
                    -9.948429942596704e-05,
                    -0.01604010909795761
                ],
                [
                    0.0,
                    0.06190325319766998,
                    0.9980821013450623,
                    0.8809674382209778
                ],
                [
                    0.0,
                    0.0,
                    0.0,
                    1.0
                ]
            ]
        },
        {
            "file_path": "images/0040.png",
            "transform_matrix": [
                [
                    -0.06771406531333923,
                    -0.9956667423248291,
                    0.06373755633831024,
                    9.95666790008545
                ],
                [
                    0.997704803943634,
                    -0.06757573783397675,
                    0.0043258583173155785,
                    0.6757574081420898
                ],
                [
                    -9.313225191043273e-10,
                    0.0638841837644577,
                    0.9979574084281921,
                    0.8611581325531006
                ],
                [
                    0.0,
                    0.0,
                    0.0,
                    1.0
                ]
            ]
        },
        {
            "file_path": "images/0041.png",
            "transform_matrix": [
                [
                    -0.13752348721027374,
                    -0.988350510597229,
                    0.06519659608602524,
                    9.883504867553711
                ],
                [
                    0.9904984831809998,
                    -0.13722525537014008,
                    0.00905207172036171,
                    1.3722524642944336
                ],
                [
                    0.0,
                    0.06582201272249222,
                    0.9978312849998474,
                    0.841779887676239
                ],
                [
                    0.0,
                    0.0,
                    0.0,
                    1.0
                ]
            ]
        },
        {
            "file_path": "images/0042.png",
            "transform_matrix": [
                [
                    -0.20741592347621918,
                    -0.9760077595710754,
                    0.06623893231153488,
                    9.760076522827148
                ],
                [
                    0.9782527685165405,
                    -0.2069399356842041,
                    0.014044438488781452,
                    2.069399118423462
                ],
                [
                    0.0,
                    0.0677114725112915,
                    0.9977049231529236,
                    0.8228853344917297
                ],
                [
                    0.0,
                    0.0,
                    0.0,
                    1.0
                ]
            ]
        },
        {
            "file_path": "images/0043.png",
            "transform_matrix": [
                [
                    -0.2769683599472046,
                    -0.9585524797439575,
                    0.06682641804218292,
                    9.585524559020996
                ],
                [
                    0.9608789682388306,
                    -0.27629777789115906,
                    0.019262365996837616,
                    2.7629778385162354
                ],
                [
                    3.7252896323280993e-09,
                    0.06954716891050339,
                    0.9975786805152893,
                    0.8045283555984497
                ],
                [
                    0.0,
                    0.0,
                    0.0,
                    1.0
                ]
            ]
        },
        {
            "file_path": "images/0044.png",
            "transform_matrix": [
                [
                    -0.34574443101882935,
                    -0.9359390139579773,
                    0.06692510098218918,
                    9.359390258789062
                ],
                [
                    0.938328742980957,
                    -0.3448638916015625,
                    0.0246597807854414,
                    3.448638916015625
                ],
                [
                    0.0,
                    0.07132372260093689,
                    0.9974532723426819,
                    0.7867627739906311
                ],
                [
                    0.0,
                    0.0,
                    0.0,
                    1.0
                ]
            ]
        },
        {
            "file_path": "images/0045.png",
            "transform_matrix": [
                [
                    -0.4132973849773407,
                    -0.9081641435623169,
                    0.06650593876838684,
                    9.081642150878906
                ],
                [
                    0.9105961322784424,
                    -0.41219356656074524,
                    0.03018542379140854,
                    4.121935844421387
                ],
                [
                    0.0,
                    0.0730355978012085,
                    0.9973292946815491,
                    0.7696439623832703
                ],
                [
                    0.0,
                    0.0,
                    0.0,
                    1.0
                ]
            ]
        },
        {
            "file_path": "images/0046.png",
            "transform_matrix": [
                [
                    -0.4791756570339203,
                    -0.8752681016921997,
                    0.06554567068815231,
                    8.752681732177734
                ],
                [
                    0.8777190446853638,
                    -0.47783762216567993,
                    0.03578353300690651,
                    4.778376579284668
                ],
                [
                    0.0,
                    0.07467727363109589,
                    0.9972076416015625,
                    0.753227174282074
                ],
                [
                    0.0,
                    0.0,
                    0.0,
                    1.0
                ]
            ]
        },
        {
            "file_path": "images/0047.png",
            "transform_matrix": [
                [
                    -0.5429266095161438,
                    -0.8373357057571411,
                    0.06402748078107834,
                    8.373357772827148
                ],
                [
                    0.8397801518440247,
                    -0.5413462519645691,
                    0.0413944385945797,
                    5.413463115692139
                ],
                [
                    -3.725290298461914e-09,
                    0.07624315470457077,
                    0.997089147567749,
                    0.7375683784484863
                ],
                [
                    0.0,
                    0.0,
                    0.0,
                    1.0
                ]
            ]
        },
        {
            "file_path": "images/0048.png",
            "transform_matrix": [
                [
                    -0.6041024327278137,
                    -0.7944956421852112,
                    0.061941634863615036,
                    7.9449567794799805
                ],
                [
                    0.796906590461731,
                    -0.6022748351097107,
                    0.04695543646812439,
